200 190 170 146 119 094 072 056 044 036 031 027 025 026 031 042 060 085 116 149 180 206 226 239 247 251 253 254 254 254 254 254 253 251 247 240 229 213 192 167 140 114 092 076 067 065 069 075 081 085 087 084 079 073 067 065 068 079 097 120 147 173 198 217 232 242 248 251 252 251 248 242 232 217 198 174 147 120 097 079 069 065 067 073 079 084 086 085 081 074 068 065 067 076 092 114 140 167 192 213 229 240 246 250 252
201 190 172 148 122 097 077 062 051 043 038 034 031 031 034 044 061 086 116 149 180 206 226 239 247 251 253 254 254 254 254 254 252 250 245 238 226 209 188 162 136 111 091 078 072 072 077 085 092 097 098 096 090 083 076 071 072 080 096 117 143 169 193 214 229 240 246 250 251 250 246 240 229 214 193 169 143 117 096 080 072 071 076 083 090 096 098 097 092 085 077 072 071 078 091 111 136 162 188 209 226 238 245 250 251
202 193 175 152 128 106 088 074 065 058 053 048 043 040 042 049 064 088 117 149 180 206 226 239 247 251 253 254 254 254 254 253 252 249 243 234 220 202 179 154 129 107 091 082 080 085 093 103 112 118 119 117 110 101 091 083 080 083 094 112 135 161 185 207 224 236 244 248 250 248 244 236 224 207 185 160 135 112 094 083 080 083 091 101 110 117 119 118 112 103 093 085 080 082 091 107 129 154 179 202 220 234 243 248 250
206 197 181 160 139 120 104 093 085 079 073 066 059 053 051 056 069 090 119 150 180 206 226 239 247 251 253 254 254 254 254 253 251 247 239 228 213 192 168 143 120 102 091 088 092 102 115 127 138 144 146 143 135 124 111 099 091 088 093 106 126 150 175 198 217 231 241 246 248 246 241 231 217 198 175 150 126 106 093 088 091 099 111 124 135 143 146 144 138 127 115 102 092 088 091 102 120 144 169 192 213 228 239 246 249
211 203 189 172 154 138 126 117 111 105 098 089 079 069 063 063 074 093 120 151 181 206 226 239 247 251 253 254 254 254 253 252 249 244 235 222 204 181 156 132 112 098 093 096 107 122 138 153 164 171 173 170 162 149 134 118 104 095 093 101 116 138 163 187 209 225 237 244 246 244 237 225 209 187 163 138 116 101 093 095 104 118 134 149 162 170 173 171 164 153 138 122 107 096 093 098 112 132 156 181 204 222 235 243 247
218 212 200 186 172 160 151 144 139 133 124 113 099 085 074 071 078 096 122 151 181 206 226 239 247 251 253 254 254 254 253 251 247 241 230 214 194 170 144 121 104 096 097 106 122 141 160 176 188 195 197 194 186 173 156 136 118 103 096 097 108 127 151 176 199 218 232 240 243 240 232 218 199 176 151 127 108 097 096 103 118 137 156 173 186 194 197 195 188 176 160 141 122 107 097 096 104 121 144 170 194 214 230 239 244
226 221 213 202 192 183 176 171 166 160 149 135 117 099 085 078 083 098 123 152 181 206 226 239 247 251 253 254 254 254 253 250 246 237 225 207 184 158 133 112 099 095 102 118 138 160 180 197 208 215 217 214 206 193 175 154 132 113 100 095 101 117 139 165 190 211 227 236 239 236 227 211 190 165 139 117 101 095 100 113 133 154 175 193 206 214 217 215 208 197 180 160 138 118 102 096 099 112 133 158 184 206 224 236 241
234 231 225 218 210 204 200 196 191 183 170 153 132 111 093 084 086 100 124 152 181 206 226 239 247 251 253 254 254 253 252 249 243 234 219 199 174 148 123 105 096 097 109 129 152 176 196 212 223 229 231 228 221 209 191 170 146 123 105 096 097 108 129 154 181 204 221 232 236 232 221 204 181 154 129 109 097 096 105 124 146 170 192 209 221 228 231 229 223 212 196 176 152 129 109 097 096 105 123 148 174 199 218 231 238
241 239 235 230 226 222 219 215 210 201 186 167 143 119 099 088 089 102 125 153 181 207 226 239 247 251 253 254 254 253 251 248 241 230 213 191 165 139 115 099 094 100 117 140 165 189 209 224 233 239 240 238 232 221 204 183 158 133 112 097 094 102 120 145 172 196 216 228 232 228 216 196 172 145 120 102 094 098 112 134 159 183 204 221 232 238 240 239 233 224 209 189 165 140 117 100 094 099 115 139 166 191 212 227 234
246 245 243 240 237 235 232 229 223 213 197 176 151 125 104 091 091 103 125 153 182 207 226 239 247 251 253 254 254 253 251 247 239 226 208 184 157 131 109 095 094 104 124 149 175 199 218 231 240 244 246 244 238 228 214 193 169 142 118 100 093 098 113 137 164 190 210 223 228 223 210 189 164 137 113 098 093 101 118 142 169 193 214 229 238 244 246 244 240 231 218 199 175 149 124 104 094 096 109 131 157 184 207 223 231
250 249 248 246 245 243 241 238 231 221 204 182 155 128 106 093 092 103 125 153 182 207 226 239 247 251 253 254 254 253 250 245 236 223 203 178 150 124 103 093 095 108 131 157 184 207 225 237 244 248 249 247 243 234 221 201 177 150 124 104 093 094 108 130 157 183 205 219 224 219 205 183 157 130 108 095 093 104 125 151 178 202 221 234 243 247 249 248 244 237 225 207 184 157 131 108 095 093 103 124 150 177 201 218 227
252 252 251 250 249 248 246 243 236 225 208 185 158 130 107 093 092 104 126 153 182 207 226 239 247 251 253 254 253 252 249 244 234 219 198 172 144 118 099 091 096 112 137 164 191 213 229 240 247 250 251 249 245 238 226 208 184 157 130 107 094 092 103 124 151 177 200 215 220 215 200 177 150 124 103 092 094 108 130 157 185 208 226 238 245 249 251 250 247 240 229 213 191 164 137 112 096 092 099 118 144 171 196 214 224
253 253 253 252 252 251 249 245 239 227 210 186 159 131 108 094 092 104 126 153 182 207 226 239 247 251 253 254 253 252 249 243 232 216 194 167 139 114 097 091 098 116 142 170 196 217 233 242 248 251 251 250 247 240 229 212 190 163 135 111 095 091 100 119 145 172 195 211 216 211 195 172 145 119 100 091 095 111 135 163 190 212 229 240 247 250 251 251 248 242 233 217 196 170 142 116 098 091 097 114 139 166 192 210 221
254 254 254 253 253 252 250 247 240 228 211 187 159 131 108 094 092 104 126 153 182 207 226 239 247 251 253 254 253 252 248 242 230 213 190 163 135 110 094 091 100 120 146 174 200 220 235 244 249 251 252 251 248 242 232 216 194 168 139 114 096 090 097 116 141 168 191 207 213 207 191 168 141 115 097 090 096 114 139 168 194 216 232 242 248 251 252 251 249 244 235 220 200 174 146 119 100 091 094 110 134 162 188 207 218
254 254 254 254 253 253 251 247 240 228 211 187 160 131 108 094 092 104 126 153 182 207 226 239 247 251 253 254 253 251 248 241 229 211 187 159 131 107 093 091 101 122 150 178 203 223 236 245 249 252 252 251 249 243 234 218 197 171 143 116 097 090 095 112 137 164 188 204 210 204 188 164 137 112 095 090 098 117 143 171 197 219 234 243 249 251 252 252 249 245 236 223 203 178 150 122 101 091 093 107 131 158 184 204 215
254 254 254 254 253 253 251 247 240 228 211 187 160 131 108 094 092 104 126 153 182 207 226 239 247 251 253 254 253 251 247 240 228 209 185 157 128 105 092 091 103 125 152 181 206 225 238 246 250 252 253 252 250 244 235 221 200 174 145 119 099 090 094 110 134 161 185 202 207 201 185 161 134 110 094 090 099 119 146 174 200 221 235 244 250 252 253 252 250 246 238 225 205 180 152 124 102 091 091 105 128 155 182 202 213
254 254 254 254 253 253 251 247 240 228 211 187 160 131 108 094 092 104 126 153 182 207 226 239 247 251 253 253 253 251 247 239 227 208 183 155 126 104 091 091 104 126 154 183 207 226 239 247 251 253 253 252 250 245 236 222 202 176 147 120 099 090 093 108 132 159 183 200 205 199 183 159 132 108 093 090 100 120 148 176 202 222 237 245 250 252 253 253 251 247 239 226 207 183 154 126 104 091 091 104 126 153 180 200 211
254 254 254 254 253 253 251 247 240 229 211 188 160 132 108 094 093 104 126 153 182 207 226 239 247 251 253 253 253 251 247 239 226 207 182 153 125 102 090 091 104 128 156 184 209 227 240 247 251 253 253 253 250 246 237 223 203 178 149 121 100 090 092 107 130 157 181 198 204 198 181 157 130 107 092 090 100 121 149 178 203 223 237 246 250 253 253 253 251 247 240 227 208 184 156 128 104 091 090 102 125 152 178 199 210
254 254 254 254 254 253 251 248 241 229 212 188 160 132 108 094 093 104 126 153 182 207 226 239 247 251 253 253 253 251 247 239 225 206 181 152 124 102 090 091 105 128 157 185 209 228 240 247 251 253 253 253 251 246 238 224 204 179 150 122 100 090 092 106 130 156 181 197 203 197 180 156 129 106 092 090 101 122 150 179 204 224 238 246 251 253 253 253 251 247 240 227 209 185 157 128 105 091 090 102 124 151 177 198 210
255 254 254 254 254 253 252 248 241 229 212 188 160 132 108 094 093 104 126 153 182 207 226 239 247 251 253 253 253 251 247 239 225 206 181 152 124 102 090 091 105 129 157 185 210 228 240 247 251 253 253 253 251 246 238 224 204 179 150 122 101 090 092 106 129 156 180 197 203 197 180 156 129 106 091 090 101 122 150 179 204 224 238 246 251 253 253 253 251 247 240 228 209 185 157 129 105 091 090 102 123 151 177 198 209
255 254 254 254 254 253 252 248 241 229 212 188 160 132 108 094 093 104 126 153 182 207 226 239 247 251 253 253 253 251 247 239 225 206 181 152 124 102 090 091 105 128 157 185 209 228 240 247 251 253 253 253 251 246 238 224 204 179 150 122 100 090 092 106 130 156 181 197 203 197 180 156 129 106 092 090 101 122 150 179 204 224 238 246 251 253 253 253 251 247 240 227 209 185 157 128 105 091 090 102 124 151 177 198 210
255 254 254 254 254 253 252 248 241 229 212 188 160 132 108 094 093 104 126 153 182 207 226 239 247 251 253 253 253 251 247 239 226 207 182 153 125 102 090 091 104 128 156 184 209 227 240 247 251 253 253 253 250 246 237 223 203 178 149 121 100 090 092 107 130 157 181 198 204 198 181 157 130 107 092 090 100 121 149 178 203 223 237 246 250 253 253 253 251 247 240 227 208 184 156 128 104 091 090 102 125 152 178 199 210
255 254 254 254 254 253 252 248 241 229 212 188 160 132 108 094 093 104 126 153 182 207 226 239 247 251 253 253 253 251 247 239 227 208 183 154 126 104 091 091 104 127 155 183 207 226 239 247 251 253 253 252 250 245 236 222 202 176 147 120 099 090 093 108 132 159 183 200 205 199 183 159 132 108 093 090 100 120 148 176 202 222 237 245 250 253 253 253 251 247 239 226 207 183 154 126 104 091 091 103 126 153 180 200 211
255 254 254 254 254 253 252 248 241 229 212 188 160 132 108 094 093 104 126 153 182 207 226 239 247 251 253 254 253 251 247 240 228 209 185 157 128 105 092 091 103 125 152 181 206 225 238 246 250 252 253 252 250 244 235 221 200 174 145 119 099 090 094 110 134 161 185 202 207 201 185 161 134 110 094 090 099 119 146 174 200 221 235 244 250 252 253 252 250 246 238 225 205 180 152 124 102 091 091 105 128 155 182 202 213
254 254 254 254 254 253 251 247 240 228 211 187 159 131 108 094 092 103 125 153 181 206 225 238 246 250 252 253 253 251 248 241 229 211 187 159 131 107 093 090 101 122 150 178 203 223 236 245 249 252 252 251 249 243 234 219 197 171 143 116 097 090 095 112 137 164 188 204 210 204 188 164 137 112 095 090 098 117 143 171 197 219 234 243 249 251 252 252 249 245 236 223 203 178 150 122 101 091 093 107 131 158 184 204 215
254 254 254 254 254 253 251 247 240 228 211 187 159 131 108 094 092 103 125 153 181 206 225 238 246 250 252 253 253 251 248 241 230 213 190 163 135 110 094 091 100 120 146 175 200 220 235 244 249 251 252 251 248 242 232 216 194 168 139 114 096 090 097 115 141 168 191 207 213 207 191 168 141 115 097 090 096 114 139 168 194 216 232 242 248 251 252 251 249 244 235 220 200 174 146 119 100 090 094 110 134 162 188 207 218
254 254 254 254 254 253 251 247 240 228 211 187 159 131 108 094 092 103 125 153 181 206 225 238 246 250 252 253 253 252 249 243 232 216 194 167 139 114 096 091 098 116 142 170 196 217 233 242 248 251 251 250 247 240 229 212 190 163 135 111 095 091 100 119 145 172 195 211 216 211 195 172 145 119 100 091 095 111 135 163 190 212 229 240 247 250 251 251 248 242 233 217 196 170 142 116 098 091 096 114 139 166 191 210 220
254 254 254 254 254 253 251 247 240 228 211 187 159 131 108 094 092 103 125 153 181 206 225 238 246 250 252 253 253 252 249 244 234 219 198 172 144 118 099 092 096 113 137 164 191 213 229 240 247 250 251 249 245 238 226 208 184 157 130 108 094 092 103 124 151 177 200 215 220 215 200 177 150 124 103 092 094 108 130 157 185 208 226 238 245 249 251 250 247 240 229 213 191 164 137 112 096 092 099 118 144 171 196 214 224
254 254 254 253 253 252 250 246 239 227 210 186 159 131 107 093 092 103 125 152 180 205 224 237 245 249 252 253 253 252 250 245 236 222 203 178 150 124 103 093 095 108 131 157 184 207 225 237 244 248 249 247 243 234 221 202 178 151 124 104 093 095 108 130 157 183 205 219 224 219 205 183 157 130 108 094 093 104 125 151 178 202 221 234 243 247 249 248 244 237 225 207 184 157 131 108 095 093 103 124 150 177 201 218 227
254 254 253 253 252 251 248 244 237 226 208 185 158 130 107 093 091 102 124 151 179 203 222 235 243 248 250 252 252 252 250 246 238 226 208 184 157 131 108 095 094 104 124 149 176 199 218 232 240 245 246 244 238 229 214 193 169 142 118 101 093 098 113 137 164 189 210 223 228 223 210 189 164 137 113 098 093 101 118 143 169 194 214 229 238 244 246 244 240 232 218 199 175 149 124 104 094 095 109 131 157 184 206 223 231
253 252 252 251 249 247 245 240 233 221 204 181 155 127 105 091 089 100 121 148 175 199 218 231 239 244 247 249 250 250 250 247 240 230 213 191 165 139 115 099 094 100 117 140 165 189 209 224 233 239 240 238 232 221 204 183 159 134 112 098 094 102 120 145 172 196 216 228 232 228 216 196 172 145 120 102 094 098 112 134 159 183 204 221 232 238 240 239 233 224 209 189 165 140 117 100 094 099 115 139 165 191 212 227 234
252 251 249 247 245 242 238 234 226 215 198 176 150 123 101 088 086 097 117 143 170 193 211 224 232 238 241 244 247 248 249 247 242 233 219 199 174 148 123 105 096 098 110 129 153 176 197 212 223 229 231 228 221 209 192 170 147 124 106 096 097 109 129 154 181 204 221 232 236 232 221 204 181 154 129 109 097 096 106 124 147 171 192 209 221 228 231 229 223 212 197 176 153 129 110 098 096 105 123 148 174 199 218 231 238
249 248 245 242 237 233 228 223 215 203 187 166 141 117 096 083 082 092 111 135 161 183 200 213 221 227 232 237 241 244 247 247 243 236 224 206 184 158 133 112 099 096 104 119 139 161 181 197 209 215 217 214 206 194 176 156 134 115 101 096 102 117 139 165 190 211 227 236 239 236 227 211 190 165 139 117 102 096 101 115 134 156 176 194 206 214 217 215 209 197 181 161 139 119 104 097 100 113 133 159 184 206 224 236 241
246 243 239 233 227 220 213 206 197 186 171 152 129 107 088 077 075 084 102 124 147 167 183 195 204 212 219 226 232 239 243 245 244 239 229 214 194 170 145 123 106 098 099 109 125 144 162 178 189 196 198 195 187 174 157 139 121 106 098 099 110 128 151 176 200 219 232 240 243 240 232 218 199 176 151 128 109 099 098 106 121 139 158 174 187 195 198 196 189 178 162 144 125 109 099 098 106 123 145 170 194 214 230 239 244
241 238 231 223 213 203 194 185 176 165 151 134 115 095 079 069 068 076 091 110 130 148 162 174 183 192 202 212 222 231 238 243 244 241 234 222 204 182 158 135 116 103 099 102 112 126 141 155 165 172 173 170 163 152 138 123 110 101 099 106 120 141 165 188 209 226 237 244 246 244 237 226 209 188 164 141 120 106 099 101 109 123 138 152 163 170 173 172 165 155 141 126 112 102 099 103 116 135 159 183 204 222 235 243 247
236 232 223 211 197 184 172 161 151 141 129 115 099 082 069 061 060 066 079 095 111 126 139 149 160 170 182 196 210 223 233 240 244 243 238 229 214 195 173 150 129 112 102 099 103 111 121 131 139 144 146 143 137 128 118 108 101 099 104 116 133 155 178 200 218 232 241 246 248 246 241 232 218 200 178 155 133 116 104 099 101 108 118 128 137 143 145 144 139 131 120 110 102 099 102 112 129 150 173 195 214 229 240 246 249
232 226 214 199 182 166 151 138 128 118 108 096 084 071 061 055 054 059 068 081 094 106 116 126 137 149 164 181 198 214 228 238 243 245 242 235 223 207 187 166 144 125 110 101 097 098 102 108 113 116 117 115 112 106 101 098 097 102 113 129 149 171 192 211 227 238 245 249 250 249 245 238 227 211 192 171 149 129 113 102 097 098 101 106 112 115 117 116 113 108 102 098 097 101 110 125 144 166 187 207 223 235 244 248 251
227 220 207 189 169 150 132 118 107 098 090 081 072 063 055 051 050 054 061 069 079 088 097 106 117 130 147 167 188 207 223 235 243 246 245 240 231 218 201 181 160 139 121 106 096 091 088 089 090 091 091 090 089 088 089 092 098 109 125 144 165 186 205 221 234 242 248 251 251 251 248 242 234 221 205 186 165 144 125 109 098 092 089 088 089 090 091 091 090 088 088 090 096 106 121 139 160 181 201 218 231 241 247 250 252
224 216 201 182 159 138 119 104 092 084 076 070 063 057 052 049 049 051 056 062 068 075 082 091 102 116 135 157 180 201 220 233 242 246 247 244 237 227 212 195 175 153 133 114 099 087 079 074 071 070 070 070 072 075 081 090 102 119 138 159 180 200 216 230 239 246 250 252 253 252 250 246 239 230 216 200 180 159 138 119 102 090 081 075 072 070 070 070 071 074 079 087 099 114 133 153 175 195 213 227 237 245 249 252 253
222 214 198 177 153 130 110 094 083 075 069 064 059 055 052 050 049 051 054 058 063 068 074 081 093 108 128 151 175 198 218 232 242 247 248 246 241 233 221 205 187 165 143 122 103 087 074 065 060 056 056 057 061 067 077 091 107 127 149 171 191 210 224 236 243 248 251 253 253 253 251 248 243 236 224 210 191 171 149 127 107 091 077 067 061 057 056 056 060 065 074 087 103 122 143 165 187 205 221 233 242 247 251 253 253
221 213 197 175 151 127 106 090 079 071 065 061 058 055 052 051 051 052 054 057 060 065 070 077 088 104 124 148 173 197 217 232 241 247 249 248 243 236 225 211 193 172 149 127 106 087 072 061 054 049 048 050 055 064 076 091 111 132 155 177 197 215 228 238 245 250 252 253 254 253 252 250 245 238 228 215 197 177 155 132 111 092 076 064 055 050 048 049 054 061 072 087 106 127 149 172 193 211 225 236 244 249 251 253 254
