112 105 094 083 073 068 068 071 077 083 089 093 095 094 091 085 077 069 062 059 062 072 089 112 139 166 191 212 228 240 247 251 253 254 254 254 254 254 254 254 254 253 251 248 243 233 219 200 175 147 117 089 065 048 039 040 052 072 100 132 164 193 216 232 243 249 252 254 254 254 254 254 254 254 254 254 254 253 252 249 244 236 223 205 182 155 125 096 071 052 041 039 048 066 092 124 156 186 211 229 241 248 252 253 254
117 111 101 090 082 078 079 083 089 096 101 106 107 107 103 096 088 079 070 066 066 073 088 109 135 162 187 209 226 238 246 250 252 254 254 254 254 254 254 254 254 252 250 247 240 230 216 196 171 143 114 087 064 048 040 041 052 073 100 132 164 193 216 232 243 249 252 254 254 254 254 254 254 254 254 254 254 253 251 248 242 233 220 201 178 150 122 094 070 052 041 040 049 067 093 124 156 186 211 229 241 248 252 253 254
127 122 114 105 099 097 099 104 111 118 124 128 130 128 124 117 108 097 086 077 073 076 086 104 127 153 179 202 221 234 243 249 252 253 254 254 254 254 254 254 253 252 249 244 237 225 209 188 163 136 109 084 064 049 042 043 054 074 101 133 165 193 216 232 243 249 252 254 254 254 254 254 254 254 254 254 253 252 250 246 239 228 213 194 170 143 116 090 068 052 043 042 050 068 094 124 157 186 211 229 241 248 252 253 254
142 138 132 126 122 122 126 132 139 146 151 155 157 155 151 144 133 120 106 093 084 081 085 098 118 143 169 193 214 230 241 247 251 253 254 254 254 254 254 253 252 250 246 240 231 217 200 178 154 128 104 082 064 051 045 046 056 076 102 133 165 193 216 232 243 249 252 254 254 254 254 254 254 254 254 254 253 251 248 242 234 221 205 184 160 135 110 087 068 054 046 045 053 070 095 125 157 187 211 229 241 248 252 253 254
160 158 153 150 149 150 155 161 168 174 179 183 184 183 178 171 159 145 128 111 097 087 086 093 109 132 158 184 206 224 237 245 250 253 254 254 254 254 254 253 251 248 243 235 223 208 188 166 143 120 099 081 066 056 050 051 060 078 104 134 165 193 216 233 243 249 252 254 254 254 254 254 254 254 254 253 252 249 245 237 227 212 194 172 149 126 105 086 070 058 050 049 056 072 096 126 157 187 211 229 241 248 252 253 254
181 179 177 175 175 178 183 188 194 200 204 207 208 206 202 195 183 168 150 130 110 095 088 089 101 122 147 174 199 219 234 243 249 252 253 254 254 254 253 252 249 245 238 228 214 196 176 154 133 114 097 083 071 062 056 056 064 080 105 135 166 194 216 233 243 249 252 254 254 254 254 254 254 254 253 252 250 246 240 231 218 201 181 160 139 119 102 087 075 064 057 055 061 075 098 127 158 187 211 229 241 248 252 253 254
200 199 198 198 199 202 206 211 216 220 223 225 226 225 221 214 203 188 169 146 124 104 091 088 096 114 138 166 192 214 231 242 248 252 253 254 254 253 252 250 247 241 232 219 203 184 163 143 125 110 098 088 079 071 064 062 068 083 107 136 166 194 216 233 243 249 252 254 254 254 254 254 254 254 253 251 248 243 235 223 207 189 168 148 130 114 102 091 082 073 065 062 066 078 100 128 158 187 211 229 241 248 252 253 254
218 217 217 217 219 221 225 228 232 235 237 238 238 237 234 228 218 203 184 160 135 111 094 087 092 108 132 160 187 210 228 240 247 251 253 254 253 253 251 248 243 235 224 209 191 171 151 134 120 110 103 097 089 080 073 069 073 086 108 136 166 194 216 233 243 249 252 254 254 254 254 254 254 253 252 249 245 238 227 213 196 176 156 138 123 113 105 099 092 083 074 069 070 081 101 129 159 187 211 229 241 248 252 253 254
232 231 231 232 233 235 237 240 242 244 245 246 246 245 242 237 227 213 194 170 143 117 098 088 090 104 127 155 183 208 226 239 247 251 253 253 253 252 249 245 238 228 215 197 178 158 140 127 118 114 111 107 100 091 081 075 077 088 109 137 167 194 216 233 243 249 252 254 254 254 254 254 253 252 250 246 240 231 218 202 183 163 145 130 120 115 112 109 103 094 083 076 075 084 103 129 159 187 211 229 241 248 252 253 254
241 241 241 242 243 244 245 247 248 249 250 250 250 249 246 241 232 219 199 175 148 121 100 088 089 102 125 153 181 206 225 238 246 251 253 253 252 250 247 241 232 220 204 185 165 147 132 123 120 120 121 119 112 101 089 081 080 090 110 137 167 194 216 233 243 249 252 254 254 254 254 254 253 251 248 243 235 223 208 190 170 151 135 125 121 121 122 120 115 104 092 082 079 086 104 130 159 188 211 229 241 248 252 253 254
247 248 248 248 248 249 250 251 251 252 252 252 252 251 248 243 234 220 201 176 148 122 100 089 090 103 125 153 182 206 225 238 246 250 252 252 251 248 243 236 224 210 191 172 153 137 127 123 125 130 133 131 123 110 096 085 083 092 111 138 167 194 216 233 243 249 252 253 254 254 254 253 252 249 245 238 228 214 196 177 157 141 129 124 125 129 133 133 126 114 099 087 082 088 105 130 159 188 211 229 241 248 252 253 254
251 251 251 251 251 252 252 253 253 253 253 253 252 251 248 242 233 219 199 174 146 120 099 089 091 105 128 156 184 208 226 239 247 250 252 251 249 245 239 229 215 198 179 159 142 130 125 127 133 141 145 143 133 118 101 089 085 093 112 138 167 194 216 233 243 249 252 253 254 254 253 252 250 247 241 232 219 202 183 164 146 133 126 126 132 140 145 145 137 122 105 091 084 089 106 131 159 188 211 229 241 248 252 253 254
253 253 253 253 253 253 253 253 253 253 253 253 252 250 246 240 229 214 193 168 141 116 097 089 093 109 132 160 188 211 228 240 247 250 251 250 247 241 233 220 204 185 165 147 134 127 127 134 144 153 158 154 142 125 106 091 087 094 112 138 167 194 216 233 243 249 252 253 254 254 253 251 248 243 235 224 208 190 170 151 136 127 126 132 141 152 158 157 146 129 110 094 086 090 106 131 160 188 211 229 241 248 252 253 254
254 254 254 253 253 253 253 253 253 253 253 252 251 248 243 235 223 206 184 159 133 110 095 090 097 115 139 167 193 215 231 242 248 250 250 248 243 236 225 210 192 172 153 137 128 126 132 143 156 166 170 164 150 130 109 093 088 094 112 138 167 194 216 233 243 249 252 253 254 253 252 249 245 238 228 214 197 177 158 141 130 126 130 140 153 165 170 167 155 135 114 096 087 091 106 131 160 188 211 229 241 248 252 253 254
254 254 254 254 254 254 254 253 253 253 252 251 249 245 238 228 214 195 172 147 123 104 093 093 103 123 148 175 200 220 234 243 248 250 249 245 239 229 215 198 179 159 142 130 126 129 140 154 169 178 180 172 156 133 111 094 088 094 112 138 166 194 216 232 242 248 252 253 253 252 250 247 241 232 219 203 183 164 146 132 126 128 137 151 166 177 181 176 161 139 116 097 088 091 106 130 159 187 211 228 240 247 251 253 254
254 254 254 254 254 254 253 253 253 253 252 250 246 241 232 220 203 182 159 135 114 099 093 097 111 133 159 184 207 225 237 245 248 249 247 241 233 220 204 185 165 147 133 126 127 136 150 167 181 190 189 179 160 136 112 095 088 094 112 138 166 194 216 232 242 248 251 253 252 251 248 243 235 224 209 190 171 151 136 127 126 133 147 163 178 189 191 183 166 142 118 098 088 091 106 130 159 187 211 228 240 247 251 253 254
254 254 254 254 254 254 254 253 253 252 250 247 242 234 223 208 189 167 144 123 106 096 096 105 122 145 171 195 215 230 240 246 248 247 243 236 225 210 192 172 153 137 127 126 132 145 162 179 193 200 197 184 163 138 114 096 089 094 112 138 166 194 216 232 242 248 251 252 252 249 245 238 228 214 197 177 157 140 129 125 130 141 158 176 191 199 199 189 170 145 119 099 088 091 106 130 159 187 211 228 240 247 251 253 254
254 254 254 254 254 254 253 253 252 250 247 242 235 225 211 193 173 151 130 112 100 096 102 115 136 159 183 205 222 235 243 247 248 245 239 229 216 198 179 159 141 129 125 128 139 156 174 191 203 208 202 188 166 139 114 096 089 095 112 138 166 194 216 232 242 248 251 252 250 247 241 232 220 203 184 164 145 132 125 126 136 152 170 188 202 208 206 193 172 146 120 099 089 091 106 130 159 187 211 228 240 247 251 253 254
254 254 254 254 254 254 253 252 250 247 243 236 226 213 196 177 156 135 117 104 099 101 112 129 151 174 196 215 230 240 245 247 246 241 233 221 205 185 165 146 132 124 125 134 149 168 186 202 212 214 207 190 167 140 114 096 088 094 112 137 166 193 215 231 242 248 250 250 248 244 236 224 209 191 170 151 135 125 124 131 145 163 182 199 210 215 210 196 174 147 120 099 088 091 106 130 158 186 210 228 240 247 251 253 253
254 254 254 254 254 253 252 250 248 243 236 227 214 198 180 159 139 121 108 101 101 110 125 145 167 189 208 224 236 243 247 247 244 237 226 211 192 172 151 135 124 121 127 141 159 178 196 210 218 217 208 191 166 139 113 095 088 093 111 136 165 192 214 230 240 246 249 248 245 239 229 215 197 177 156 139 126 122 126 137 154 174 192 208 217 219 212 196 173 146 119 098 088 090 105 129 157 185 209 227 239 246 250 252 253
254 254 254 254 253 252 250 248 243 237 228 215 200 182 162 142 124 111 103 102 109 123 141 162 184 203 220 232 241 246 247 245 240 231 217 199 179 157 138 124 118 121 131 148 167 186 203 214 219 217 207 188 164 137 111 093 086 092 109 134 162 188 210 227 237 244 246 245 241 233 221 204 184 163 143 127 119 119 128 143 162 182 199 212 219 219 211 194 171 144 117 096 086 088 103 127 154 182 205 223 236 243 248 251 252
254 254 254 253 252 251 248 244 237 228 216 201 183 164 144 126 113 105 103 109 121 139 159 179 199 216 229 238 245 247 247 243 236 224 207 187 165 143 126 115 113 120 134 153 172 190 204 214 217 213 201 183 159 132 108 090 083 089 105 130 157 183 205 221 233 239 242 241 236 226 211 192 170 148 130 117 113 118 130 148 167 186 202 212 217 215 206 189 166 139 113 093 083 086 100 123 150 177 200 218 231 240 245 248 250
254 253 253 252 251 248 244 238 229 217 202 184 165 145 128 114 106 104 109 121 137 156 177 196 213 227 237 244 247 248 246 241 231 216 197 174 151 130 114 107 109 119 134 153 172 188 199 206 208 203 191 173 150 125 102 085 079 084 100 123 149 174 196 213 225 233 236 235 229 218 201 179 156 134 117 108 107 115 130 148 167 184 197 205 208 205 195 179 157 132 107 088 079 081 094 116 142 168 191 210 223 233 240 244 246
253 253 252 251 248 244 238 229 217 202 185 166 146 129 115 107 105 109 120 136 155 175 194 211 225 235 242 247 249 248 245 238 226 208 187 162 138 117 103 098 103 114 130 148 165 178 187 192 192 187 176 159 138 115 093 078 072 077 091 113 138 162 183 201 214 224 229 228 222 209 190 168 143 122 106 099 101 111 126 144 161 175 186 192 193 189 180 164 144 121 098 081 072 074 087 107 131 156 178 197 212 224 233 239 242
253 252 251 248 244 238 229 218 203 185 166 147 130 116 107 105 109 120 136 154 174 193 210 224 234 242 247 249 250 248 244 235 221 202 178 152 127 107 094 091 096 107 122 138 151 162 169 172 172 166 156 141 122 102 083 069 064 068 082 101 124 147 168 186 201 213 219 220 214 201 181 157 133 112 097 091 094 104 119 134 149 160 168 172 173 169 160 146 128 107 087 072 064 066 077 096 118 141 163 182 199 213 224 232 236
252 251 248 244 238 230 218 203 186 167 148 130 116 107 105 109 120 135 153 173 192 208 222 233 241 246 249 251 251 248 243 233 218 197 172 145 120 101 089 085 090 100 112 125 135 143 148 150 149 144 135 122 106 088 071 060 055 059 071 088 109 130 151 170 187 201 210 213 208 195 174 150 125 105 091 085 088 097 109 122 133 142 148 150 150 146 138 126 110 092 075 062 055 057 067 083 103 125 146 166 185 201 214 224 229
250 248 244 238 230 218 204 186 167 148 131 117 108 105 109 119 134 153 172 191 207 221 232 240 246 249 251 252 251 248 242 232 216 195 170 143 119 099 088 084 087 094 104 113 121 126 130 130 129 124 116 105 091 076 061 051 048 051 061 077 096 116 136 156 175 191 202 207 203 191 171 148 124 103 090 084 085 092 101 111 119 125 129 130 130 126 119 109 095 079 065 053 047 049 058 072 091 111 132 152 172 190 206 218 224
246 243 238 230 219 204 187 168 148 131 116 107 104 108 118 133 152 171 190 206 220 231 239 245 249 251 252 252 251 248 242 232 217 196 172 147 123 105 093 088 089 094 100 107 112 116 118 118 116 112 104 094 081 068 055 046 043 046 055 070 087 107 127 147 167 185 198 204 202 191 173 150 128 109 096 089 089 093 099 105 111 115 117 118 117 113 107 097 085 071 058 048 043 044 052 066 083 102 122 143 164 183 201 213 220
240 236 229 218 204 187 168 148 130 116 106 103 107 117 131 149 169 187 204 218 229 237 243 247 249 251 252 252 251 248 243 233 219 201 179 156 135 117 106 101 100 103 106 110 113 115 116 116 113 109 102 092 079 066 054 045 042 045 054 068 086 105 125 146 166 184 197 205 204 195 179 159 139 121 109 102 100 102 105 109 113 115 116 116 114 111 104 095 083 069 056 046 042 043 051 064 081 100 120 141 162 182 199 213 220
232 227 217 204 187 168 148 129 114 104 101 104 113 128 146 165 184 201 215 226 234 240 244 246 248 249 250 250 250 248 244 236 224 208 190 170 151 137 126 121 119 120 122 124 125 126 127 126 123 118 111 100 086 072 058 049 045 048 058 073 091 111 132 152 171 189 202 209 210 202 189 172 155 140 129 122 120 120 121 123 125 126 127 126 124 120 113 103 090 075 061 050 045 047 055 069 087 106 127 148 168 187 203 216 222
220 214 202 186 167 147 128 112 101 096 099 108 122 140 159 178 194 209 220 228 234 238 240 242 244 245 247 248 248 248 245 239 230 217 202 187 172 160 151 146 144 144 145 146 147 147 147 145 142 137 128 115 100 083 067 056 052 056 067 084 104 125 145 165 183 198 210 217 218 212 202 188 175 162 153 147 145 144 145 146 146 147 147 146 143 139 131 119 104 087 071 058 052 054 063 079 098 119 140 160 179 196 211 221 227
204 197 184 166 146 126 109 096 090 091 099 113 130 148 167 184 198 210 218 224 228 230 232 234 236 238 240 243 245 246 245 242 235 227 216 204 193 184 177 173 171 171 171 171 172 172 171 169 165 159 148 134 116 096 078 065 060 065 077 096 118 140 161 180 196 210 220 226 227 223 215 205 195 186 179 174 172 171 171 171 172 172 171 170 167 161 152 138 121 101 082 068 060 062 073 091 112 135 156 176 193 208 220 229 233
187 179 164 145 125 106 092 083 082 088 099 115 133 151 168 182 194 202 208 212 215 217 218 221 223 227 231 236 240 243 244 244 240 235 228 220 212 206 201 198 197 196 196 196 196 196 195 193 188 181 169 153 132 110 089 075 069 074 088 108 132 156 177 196 210 221 229 234 235 233 227 221 214 207 202 199 197 196 196 196 196 196 195 194 190 184 173 158 138 115 094 077 069 071 083 103 126 150 173 192 207 220 229 236 239
167 159 144 125 106 089 077 073 075 084 097 114 131 147 161 173 181 187 191 193 195 197 199 202 206 211 218 225 232 238 243 244 244 241 237 232 228 224 221 219 218 217 217 217 217 217 216 213 209 200 187 169 146 122 099 083 077 082 097 120 145 170 192 209 222 231 238 241 242 241 237 233 229 225 221 219 218 218 217 217 217 217 216 214 210 203 192 175 153 128 104 086 077 079 092 113 139 164 187 205 219 230 237 242 245
149 141 126 107 089 075 066 064 069 079 093 108 123 136 147 155 161 165 168 169 171 172 175 178 184 192 202 212 223 232 240 244 246 246 244 242 239 237 235 234 233 233 233 232 232 232 231 228 223 214 200 181 157 131 107 090 083 089 105 128 155 181 202 219 231 239 244 246 247 246 245 242 240 237 236 234 233 233 233 233 232 232 231 229 225 217 205 187 164 138 113 093 083 086 099 122 148 174 197 215 228 237 243 247 248
134 126 111 094 078 066 059 059 064 074 086 099 111 121 129 135 139 141 143 144 145 147 150 155 162 172 185 199 213 226 236 243 247 248 248 247 246 245 244 243 243 243 243 242 242 242 241 238 233 224 210 190 165 138 113 096 089 094 111 135 162 188 209 225 237 243 248 250 250 250 249 248 246 245 244 243 243 243 243 242 242 242 241 239 235 227 214 196 172 145 119 099 089 091 105 128 155 181 204 222 234 242 247 250 251
124 116 103 087 073 062 057 057 062 070 080 090 099 106 111 115 117 119 120 121 122 124 127 133 142 155 170 187 205 220 233 241 247 249 251 251 250 250 249 249 249 249 249 248 248 248 247 244 239 230 215 195 170 144 119 101 094 100 116 140 167 193 214 230 240 246 250 252 252 252 252 251 250 250 249 249 249 249 249 248 248 248 247 245 241 233 220 201 177 150 124 104 094 097 111 133 160 187 209 226 238 245 249 252 252
119 112 100 086 073 064 060 060 063 069 076 083 089 094 097 100 101 102 102 103 104 106 110 117 127 141 159 178 198 216 230 240 246 250 252 252 252 252 252 252 252 252 251 251 251 251 250 247 242 233 219 199 174 148 124 106 099 105 121 145 171 196 217 232 242 248 251 253 253 253 253 253 253 252 252 252 252 252 252 251 251 251 250 248 244 236 223 205 181 155 129 109 099 101 115 138 164 190 212 229 240 247 251 252 253
119 113 102 089 078 070 066 065 067 071 076 080 084 087 089 090 091 091 092 092 093 095 100 107 118 133 152 173 194 213 228 239 246 250 252 253 254 254 254 254 254 254 253 253 253 253 252 249 244 235 221 202 178 152 128 110 104 109 125 148 174 199 219 234 243 249 252 253 254 254 254 254 254 254 254 254 254 254 253 253 253 253 252 250 246 238 226 208 185 158 133 114 104 106 120 142 168 193 215 231 241 248 251 253 254
122 116 106 095 084 076 072 071 072 075 077 080 082 084 085 086 086 086 087 087 088 090 095 102 114 129 149 170 192 212 227 239 246 250 252 253 254 254 254 254 254 254 253 253 253 253 252 249 244 236 222 203 180 154 131 114 108 113 128 151 176 200 220 234 244 249 252 253 254 254 254 254 254 254 254 254 254 254 253 253 253 253 252 250 246 239 227 209 186 161 136 117 108 110 123 145 170 195 216 231 242 248 251 253 254
124 118 109 098 088 081 076 075 076 077 079 081 083 084 085 085 085 085 086 086 087 090 094 101 113 128 148 170 192 211 227 239 246 250 252 253 254 254 254 254 254 254 253 253 253 253 252 249 244 236 223 204 181 156 133 116 110 115 130 153 178 201 221 235 244 249 252 253 254 254 254 254 254 254 254 254 254 254 253 253 253 253 252 250 246 239 227 210 187 162 138 119 110 112 125 146 171 195 216 232 242 248 251 253 254
