Day  T_A [K]  T_B [K]  T_C [K]
  1  297.749  292.409  299.858
  2  300.188  298.307  297.036
  3  293.690  303.992  294.054
  4  288.074  292.950  287.257
  5  292.853  290.583  296.653
  6  313.054  305.315  293.358
  7  279.159  294.898  286.770
  8  280.793  296.571  289.290
  9  287.727  303.432  299.001
 10  291.836  311.426  264.936
 11  270.292  305.086  287.102
 12  297.546  308.815  287.052
 13  278.965  289.392  298.379
 14  324.298  310.476  301.094
 15  293.229  292.237  287.267
 16  284.887  290.003  298.972
 17  283.967  310.336  285.829
 18  287.449  296.855  283.403
 19  281.439  313.785  292.295
 20  296.861  303.308  299.054
 21  299.654  304.099  270.509
 22  292.236  289.065  278.218
 23  298.964  318.559  293.500
 24  279.709  297.600  290.434
 25  281.241  324.497  291.976
 26  274.712  287.161  288.371
 27  302.293  325.568  271.159
 28  294.525  297.270  296.063
 29  310.887  303.831  272.305
 30  294.890  298.472  302.676
 31  311.586  297.502  273.290
 32  296.809  293.950  281.653
 33  291.238  296.592  286.930
 34  304.781  311.071  275.834
 35  302.720  290.287  267.446
 36  315.492  307.522  260.093
 37  288.747  300.312  287.263
 38  303.787  298.932  267.544
 39  284.060  294.694  272.714
 40  323.936  307.632  292.296
 41  290.337  302.819  280.087
 42  310.413  296.423  275.402
 43  293.312  310.835  285.394
 44  303.312  293.820  285.261
 45  300.048  294.341  258.092
 46  298.913  320.615  289.061
 47  302.785  299.876  294.544
 48  277.146  280.742  274.089
 49  298.373  311.290  267.378
 50  301.929  287.372  282.707
 51  295.451  305.196  285.181
 52  308.711  306.861  283.425
 53  301.493  305.382  289.407
 54  321.573  315.430  279.128
 55  296.165  300.386  272.949
 56  298.110  299.287  284.827
 57  299.750  283.648  278.550
 58  311.986  312.725  289.691
 59  293.774  301.668  281.918
 60  299.788  285.807  258.955
 61  300.282  314.910  279.815
 62  313.984  284.214  275.237
 63  288.257  291.885  282.088
 64  303.936  303.427  283.981
 65  302.199  291.496  279.454
 66  319.134  297.977  272.814
 67  300.633  294.859  270.989
 68  288.437  283.459  281.197
 69  301.650  297.217  262.038
 70  308.362  311.940  287.789
 71  311.957  288.127  271.248
 72  312.507  295.114  278.888
 73  287.170  291.571  300.675
 74  310.368  293.914  273.105
 75  308.187  287.639  270.706
 76  291.839  295.039  270.670
 77  311.256  308.018  268.961
 78  307.497  281.003  254.562
 79  298.617  307.963  284.960
 80  309.300  313.078  284.198
 81  308.154  304.224  277.306
 82  297.667  287.609  257.477
 83  304.761  286.840  279.314
 84  312.403  299.421  266.070
 85  334.840  299.549  278.173
 86  303.133  292.332  265.621
 87  302.757  295.793  274.057
 88  321.275  288.448  256.727
 89  308.401  285.554  275.197
 90  304.584  290.715  277.775
 91  294.846  291.313  280.212
 92  296.534  288.225  277.331
 93  311.593  320.003  269.744
 94  291.834  281.011  260.119
 95  296.861  273.629  285.057
 96  292.908  284.627  266.795
 97  307.444  290.829  286.589
 98  299.352  283.510  295.717
 99  291.835  266.013  283.905
100  295.947  282.814  273.987
101  311.889  296.731  283.391
102  306.167  263.467  264.004
103  296.929  292.383  275.188
104  300.995  287.317  276.722
105  310.992  288.604  287.122
106  317.593  298.112  271.962
107  326.895  291.493  266.554
108  311.209  293.546  274.278
109  312.195  290.858  276.162
110  309.485  268.727  273.962
111  294.914  285.602  270.398
112  308.753  251.253  276.904
113  297.921  274.770  260.899
114  313.735  279.808  275.311
115  320.277  279.505  271.024
116  291.389  278.928  279.437
117  299.651  279.188  273.772
118  282.948  286.826  289.719
119  293.489  301.459  287.528
120  297.512  291.835  254.634
121  283.461  305.490  271.409
122  298.014  275.595  291.826
123  302.189  286.397  268.384
124  294.315  286.809  272.238
125  308.607  296.022  264.586
126  301.697  280.770  275.280
127  293.139  282.437  285.483
128  300.654  268.624  282.949
129  342.224  288.281  274.901
130  293.793  299.387  286.685
131  319.683  291.679  278.452
132  313.782  288.925  289.415
133  289.383  287.379  265.865
134  300.444  276.511  279.037
135  307.647  290.371  283.930
136  299.076  303.260  292.910
137  319.683  283.990  280.393
138  312.632  283.406  274.702
139  310.792  280.072  271.337
140  307.050  287.711  283.946
141  305.525  285.266  276.964
142  320.556  275.966  274.291
143  323.538  268.268  290.215
144  293.640  280.648  279.187
145  296.129  283.883  299.669
146  308.879  275.228  279.391
147  292.529  269.429  272.155
148  285.449  274.869  279.360
149  301.471  262.610  291.647
150  301.286  285.585  276.243
151  298.556  273.401  288.152
152  289.945  280.485  278.443
153  296.103  295.987  302.318
154  300.152  273.459  285.669
155  285.915  283.475  283.950
156  286.100  284.231  271.481
157  303.779  279.428  272.703
158  292.215  277.584  281.471
159  291.257  268.584  285.407
160  284.326  281.835  276.558
161  294.568  274.551  274.548
162  288.332  252.348  274.388
163  283.888  287.443  271.398
164  281.748  266.308  291.706
165  295.783  287.846  300.880
166  297.268  272.257  289.113
167  286.873  281.836  300.122
168  299.791  278.557  275.726
169  303.500  270.068  293.151
170  288.862  279.266  300.959
171  280.237  276.956  286.973
172  288.963  293.827  287.449
173  294.709  267.323  276.492
174  299.306  267.776  306.488
175  292.044  269.108  280.454
176  305.877  272.254  290.260
177  306.168  281.353  278.408
178  269.689  265.011  292.968
179  297.057  271.738  285.749
180  289.044  274.392  288.460
181  309.884  267.132  279.506
182  281.105  271.567  282.694
183  284.179  270.688  285.878
184  282.603  264.870  290.183
185  291.279  266.336  282.981
186  287.383  278.246  291.402
187  285.004  278.413  291.105
188  305.498  279.973  283.181
189  284.218  266.093  300.482
190  279.741  263.929  289.602
191  294.961  281.059  278.125
192  296.138  282.286  290.805
193  308.423  265.197  296.261
194  300.743  270.628  285.723
195  291.999  277.415  294.771
196  286.233  273.830  293.280
197  278.241  275.665  286.293
198  282.905  283.974  302.077
199  291.702  272.089  275.437
200  289.901  268.355  281.213
201  287.589  272.867  302.555
202  289.937  274.836  285.052
203  275.150  268.517  311.148
204  272.239  288.741  281.050
205  276.751  277.916  275.810
206  278.452  282.721  300.175
207  283.557  274.805  293.998
208  299.457  264.344  303.184
209  283.295  272.392  284.707
210  251.908  275.332  272.602
211  272.494  275.373  294.235
212  266.591  282.427  289.117
213  288.154  279.539  282.787
214  269.129  298.096  314.307
215  299.078  290.604  291.715
216  273.263  280.062  314.729
217  288.326  277.944  295.422
218  296.034  276.295  317.782
219  267.309  275.416  290.215
220  273.700  291.245  296.007
221  265.935  261.058  284.031
222  290.519  267.111  302.332
223  257.915  273.798  289.794
224  275.188  272.955  291.170
225  283.903  272.665  285.795
226  276.186  280.095  304.107
227  270.817  268.783  315.397
228  276.164  262.058  316.851
229  273.466  271.380  306.773
230  287.842  258.441  320.678
231  304.143  268.889  295.455
232  285.156  287.123  294.928
233  279.670  268.195  302.049
234  275.427  261.427  305.854
235  281.307  280.824  298.913
236  267.061  265.188  296.019
237  284.622  283.608  294.980
238  292.257  289.106  286.767
239  284.966  288.250  321.209
240  281.472  289.692  294.406
241  272.980  280.923  305.181
242  290.471  261.484  293.141
243  277.150  280.359  308.528
244  269.064  258.138  295.359
245  259.839  273.641  292.634
246  284.431  301.510  321.133
247  279.208  272.535  322.044
248  293.060  278.004  308.370
249  268.017  256.423  303.772
250  257.926  289.972  302.739
251  298.952  293.592  303.562
252  282.902  283.596  305.493
253  263.709  280.023  280.785
254  294.615  295.263  284.629
255  272.985  286.243  302.674
256  277.678  301.163  310.076
257  271.397  302.992  290.645
258  279.403  294.642  297.040
259  290.165  262.433  298.227
260  274.809  283.084  315.647
261  281.704  286.134  303.145
262  279.283  312.689  302.311
263  280.073  304.592  319.917
264  275.922  289.236  312.054
265  283.234  280.619  305.590
266  265.063  296.280  301.549
267  277.997  278.467  305.783
268  272.072  292.681  302.618
269  291.681  306.129  298.294
270  273.048  285.721  297.561
271  289.008  296.166  304.571
272  272.573  281.867  296.490
273  264.370  296.307  292.971
274  265.959  277.420  302.195
275  261.478  268.540  294.676
276  259.658  302.360  321.520
277  274.165  304.897  304.754
278  271.172  291.306  306.453
279  266.980  301.784  315.041
280  272.980  303.929  310.960
281  281.373  281.106  310.059
282  276.767  283.721  310.317
283  257.290  291.338  301.697
284  272.766  292.499  317.560
285  268.443  302.601  307.004
286  257.047  285.998  333.430
287  270.399  296.372  310.703
288  304.290  281.668  302.356
289  266.771  299.994  304.751
290  283.684  289.324  306.825
291  280.025  286.403  300.603
292  270.776  298.961  300.601
293  281.251  279.728  295.347
294  284.795  297.052  321.105
295  272.417  297.162  297.324
296  280.585  300.686  315.266
297  269.539  289.343  301.064
298  273.469  293.688  312.084
299  265.829  289.092  290.184
300  273.190  274.001  297.227
301  285.982  311.840  294.508
302  282.315  278.768  302.165
303  264.234  305.869  293.733
304  268.685  309.825  301.961
305  274.163  287.446  288.286
306  285.472  301.084  290.943
307  296.287  287.729  295.571
308  274.367  302.420  315.455
309  259.982  292.089  304.466
310  286.825  313.789  325.094
311  278.515  303.102  314.526
312  272.359  296.410  298.899
313  275.862  312.704  303.341
314  263.440  296.854  281.924
315  272.791  298.126  304.471
316  271.055  319.118  297.636
317  278.592  300.481  313.999
318  267.363  287.426  321.442
319  279.325  311.303  292.789
320  278.921  290.621  307.146
321  280.272  312.889  313.278
322  271.757  294.626  305.855
323  276.985  310.029  296.379
324  280.551  291.507  290.275
325  272.262  295.216  298.426
326  266.117  308.790  302.940
327  277.565  298.992  307.519
328  302.202  280.856  307.616
329  281.003  315.584  287.761
330  287.330  316.755  288.998
331  277.562  301.403  297.963
332  279.354  284.510  291.008
333  287.544  309.348  317.060
334  285.967  292.348  281.796
335  294.524  314.872  296.979
336  274.619  300.940  309.346
337  288.023  309.880  290.519
338  306.859  289.446  300.654
339  275.147  300.874  308.511
340  278.818  325.967  298.565
341  290.535  280.334  296.312
342  309.759  313.660  293.755
343  272.764  305.744  290.005
344  286.879  305.636  295.058
345  275.864  294.200  293.380
346  288.156  308.895  292.738
347  289.342  316.243  299.244
348  284.567  291.471  313.827
349  275.077  304.925  303.534
350  284.098  314.653  282.618
351  282.631  299.123  285.920
352  300.533  309.620  286.476
353  289.451  299.955  285.406
354  288.351  284.502  300.178
355  275.216  310.385  293.398
356  286.917  291.043  292.625
357  292.598  322.486  305.113
358  301.982  301.884  316.207
359  285.643  315.421  299.921
360  280.005  311.146  301.604
361  292.049  308.908  308.483
362  293.890  311.197  293.838
363  288.824  301.963  279.017
364  286.527  308.998  279.557
365  301.963  296.867  281.635
